16
0  0  13 0  0  0  8  0  7  14 6  0  4  3  0  1  
14 7  0  9  0  0  0  0  4  3  0  1  0  0  8  6  
8  6  0  3  0  4  0  1  0  15 0  10 0  0  9  7  
0  0  0  4  0  7  6  3  0  0  0  8  0  0  0  0
0  16 0  0  3  0  10 0  9  7  0  0  6  4  1  0  
0  0  8  0  0  1  0  14 6  0  0  0  9  7  0  3  
6  0  4  0  0  9  7  0  0  1  0  3  14 0  10 8  
7  3  9  0  6  0  4  0  0  0  8  0  16 0  13 0  
0  14 0  0  0  0  0  7  0  8  0  6  0  1  3  9  
10 8  0  0  0  3  9  0  1  13 15 14 7  6  4  0  
4  1  0  7  0  8  14 6  3  0  0  9  15 13 0  0  
3  9  6  0  4  15 1  13 0  0  0  0  0  8  14 16
0  13 10 16 9  14 0  0  0  4  3  7  1  0  6  0  
9  0  7  6  8  16 13 0  0  0  1  0  3  14 0  4  
1  0  0  14 7  0  3  4  0  6  0  13 8  9  16 10 
0  4  3  8  1  6  0  0  0  9  14 16 0  0  7  13 
